AR
-69 100
10 92
-110 83
-85 75
0 67
33 57
58 48
76 39
84 29
85 19
76 20
60 37
34 50
2 59
-30 65
-55 67
-74 64
-86 59
-92 49
 -91 34
-84 17
-70 10
-49 28
-22 42
24 51
72 56
97 57
98 51
77 43
LR
0 50
-11 60
-22 67
-28 59
-31 50
-29 42
-9 38
-9 30
23 25
36 24
35 13
40 19
18 6
0 17
-13 6
-16 5
-19 6
-34 12
-31 2
-29 5
-28 0
-21 5
-12 13
-7 0
19 5
3 11
61 0
73 0
54 6
0 8
50 0
SAR
0 75
0 75
SMG
-28 52
-10 53
 0 53
11 44
20 45
22 42
17 35
7 30
-9 27
-13 28
-23 22
-21 21
-15 24
0 13
20 14
16 12
29 19
7 6
11 10
-4 8
-8 13
-7 2
-13 14
0 0
MP5
0 43
0 58
0 65
25 66
59 58
63 42
46 27
3 23
-37 19
-47 18
-40 18
-8 7
16 12
28 11
35 9
34 8
25 6
12 0
-4 2
-6 2
-18 0
-27 5
-26 0
-27 0
-20 0
-32 0
-12 0 
-25 0
-4 0
0 0
43 0
0 0
TOMMY
-29 63
-12 61
9 61
21 55
25 52
21 43
5 32
-16 33
-24 25
-24 26
-14 21
7 17
16 18
23 16
25 17
8 16
-5 5
-13 15
-14 8
M92
0 68
M39
0 68
M249
0 60